
      0 * 0.2927989586788964,
      0 * 0.238953736716009,
      0 * 4.601340174853147,
      -239.747966657787,
      528.8079085296968,
      824.003250634485,
      0.0,
      0.07421882822297582,
      -0.0,
      0,
      101.7259979248047,
      0,
      0,
      0.2250166493605267,
      0,
      0,
      0,
      -390.8139953613281,
      -0.0,
      0.2742693567580709,
      -0.0,
      0,
      0,
      -380.1099853515625,
      0,
      -0.0,
      0,
      167.8670043945313,
      0,
      0,
      0,
      0.07421882822297582,
      -0.0,
      0,
      -101.7259979248047,
      0,
      0,
      0.2250166493605267,
      0,
      0,
      0,
      -390.8139953613281,
      -0.0,
      0.2742693567580709,
      -0.0,
      0,
      0,
      -380.1099853515625,
      0,
      -0.0,
      0,
      167.8670043945313,
      0,
      0,
      -0.0,
      0.2114189413041665,
      0.0,
      -50,
      0,
      96.24990081787109,
      0.04333145867808721,
      0.001625053310422895,
      -0.1178766858603095,
      0,
      0,
      479.9630126953125,
      -0.2432491860025614,
      -0.01646272902648508,
      -0.1357890434708229,
      0,
      0,
      426.9849853515625,
      0.4110673301167482,
      -0.07179547997442083,
      0.223251015556675,
      0,
      176.7760009765625,
      2.123519897460938,
      0.05564195976910109,
      -0.1970120842592028,
      -0.5503636706436617,
      0,
      0,
      -263.0299987792969,
      0.01854052737835739,
      -0.05639195309438585,
      -0.0005072173454329611,
      0,
      0,
      -224.7669982910156,
      0.2432491860025614,
      0.01646272902648508,
      0.1357890434708229,
      0,
      0,
      426.9849853515625,
      -0.4110673301167482,
      0.07179547997442083,
      0.223251015556675,
      0,
      -176.7760009765625,
      2.123519897460938,
      0.05564195976910109,
      -0.1970120842592028,
      -0.5503636706436617,
      0,
      0,
      -263.0299987792969,
      0.01854052737835739,
      -0.05639195309438585,
      -0.0005072173454329611,
      0,
      0,
      -224.7669982910156