    0.179052     0.184167   0.00309003   0.00407819    0.0218717     0.468667    0.0335439      0.10553
   0.0453115     0.302711    0.0836698    0.0108249     0.183371     0.370813            0   0.00329827
   0.0918153     0.158988     0.211285    0.0665565       0.2812     0.190143  1.34755e-05            0
   0.0199484  0.000481226   0.00213028     0.010409     0.315158     0.649083    0.0016117   0.00117838
    0.253871     0.246911    0.0372494    0.0243539    0.0944925      0.33791  0.000265186   0.00494688
     0.19075     0.366669   0.00699335   0.00613201    0.0159712     0.380587   0.00393407    0.0289635
  0.00328775            0            0   0.00071882     0.033965     0.781334     0.127925    0.0527693
           0            0            1            0            0            0  1.66927e-07            0
    0.244991    0.0466772    0.0111514    0.0419736     0.156821     0.478176   0.00685337    0.0133557
    0.105271    0.0263683   0.00574872    0.0233195      0.24962     0.560361    0.0128368    0.0164756
  0.00019451   0.00437295   0.00686643  0.000157895     0.201384     0.779413   0.00591715   0.00169357
           0   0.00275446    0.0728065   0.00167295     0.881945    0.0407969  1.76478e-05  6.15616e-06
   0.0395105   0.00963182    0.0500742       0.2801     0.551824    0.0688598            0            0
  0.00427017     0.138711    0.0135897            0    0.0324971     0.767003    0.0119486    0.0319801
  0.00283709    0.0063706    0.0138795            0     0.711429     0.265411  5.29922e-05  2.01483e-05
    0.131123    0.0474264    0.0020221   0.00636261    0.0489465     0.551306    0.0835121     0.129301
   0.0375365            0    0.0020123     0.019156     0.252196     0.669799   0.00949614   0.00980445
 3.89584e-07   1.2708e-05  1.96434e-07  1.50161e-07  3.29206e-07    0.0101785     0.946996    0.0428117
   0.0542439   0.00981893  0.000155756   0.00624365     0.078811     0.703958    0.0795538    0.0672146
   0.0480006    0.0124214    0.0102598    0.0258036     0.470434     0.432167   0.00039061  0.000522419
   0.0129009            0            0   0.00807486     0.756297     0.222727            0            0
  3.3837e-05  3.96629e-07  6.87953e-07  5.74394e-09  7.69105e-06    0.0210645     0.978893            0
    0.110773     0.439486   0.00964426    0.0028245    0.0217295      0.38317   0.00239761    0.0299754
 9.39096e-05            0  1.08132e-06            0            0    0.0678337     0.619396     0.312675
  0.00121405            0            0            0  3.27232e-05     0.223685     0.614332     0.160736
 2.83855e-05            0  7.74971e-07  4.05289e-08  8.48847e-06     0.070693     0.894335    0.0349339
     0.97642   0.00669603  0.000600704  0.000883744   0.00150251    0.0138014  1.67656e-05   7.9309e-05
 1.35847e-05   2.5043e-05  7.56541e-07  3.93282e-07  3.27056e-06  0.000365512     0.965329    0.0342625
   0.0570334     0.705052   0.00898639   0.00155329    0.0180047     0.197639  0.000166574    0.0115652
   0.0190537   0.00768129    0.0350378     0.821504     0.099002    0.0177141  4.65318e-06  2.91412e-06
  0.00911848    0.0383115     0.446891    0.0249791     0.398045    0.0826426  1.21794e-05  1.95989e-07
  0.00268072   0.00665283            0  6.58814e-05  1.49754e-05     0.166806     0.230214     0.593566
   0.0143648      0.95815    0.0021478  0.000607749   0.00388465    0.0204098  1.64152e-06  0.000433838
   0.0108283    0.0704723     0.104402   0.00828768     0.439315     0.366695            0            0
  0.00501238     0.002734      0.21402     0.183901     0.590849   0.00348156  5.84414e-08  2.11259e-06
    0.657874    0.0571074   0.00274155   0.00732201    0.0224168     0.233262   0.00383945    0.0154367
     0.28001    0.0790532    0.0554471     0.109947     0.245128     0.230415            0            0
    0.982116   0.00555695  0.000578386  0.000812511   0.00139194   0.00953412  9.88916e-06            0
           0   4.0807e-05  6.72948e-06  2.56982e-06  3.64021e-05            0     0.316275     0.683639
   0.0927584    0.0721607    0.0013131   0.00240766    0.0177327     0.436012     0.116177     0.261438
  0.00706025   0.00156194    0.0177586     0.855186     0.112632   0.00580143  4.10407e-07  5.38249e-08
  0.00114003   0.00683634            0  8.09422e-06            0     0.373721     0.427582     0.190713
 0.000245316  0.000776405  1.86256e-06  6.01761e-06  8.78169e-06    0.0272454     0.124215     0.847501
  0.00562591   0.00190938            0   2.8392e-05  0.000311792     0.147486     0.288181     0.556458
           0            0  5.39229e-06            0  4.26829e-05      0.09845     0.539581      0.36192
    0.141499    0.0284352    0.0300739     0.129584     0.397138     0.273232            0  3.77072e-05
   0.0582457     0.815318    0.0076455   0.00259299    0.0141967    0.0985723  1.52961e-05    0.0034134
   0.0337068    0.0344705     0.348907     0.177146     0.341595    0.0641689  3.44867e-06  3.00025e-06
  0.00756288    0.0213258     0.820789    0.0175359     0.104464    0.0283129  8.77154e-06   3.1634e-08
    0.818001     0.045843   0.00386723   0.00510946    0.0115767     0.112359  0.000201716   0.00304151
 0.000128907  2.55124e-05  3.64928e-06  5.33695e-07  3.20341e-05   0.00586681     0.878284     0.115658
   0.0394032     0.032811  0.000268105  0.000837108   0.00582065     0.342101     0.158235     0.420524
 4.07994e-08  6.61222e-06  8.46218e-08  5.78662e-08  3.20634e-07    0.0239431     0.902993    0.0730566
           0            0            0            0            0     0.239928     0.663476    0.0965959
   0.0154408     0.944899   0.00377188   0.00103261   0.00735961    0.0269727            0  0.000523019
 0.000971226    0.0578167     0.033304  0.000962398     0.181302     0.723746  0.000869969   0.00102799
 0.000546323            0    0.0410996    0.0372816     0.921015  5.18447e-05  4.45903e-06    1.306e-06
   0.0396158     0.135976     0.254716     0.025706     0.318272     0.225679  3.53851e-05            0
    0.705828    0.0418166    0.0102442    0.0208665    0.0518986     0.165823  0.000510204    0.0030138
 5.36851e-05   0.00160609            0   1.8983e-06            0     0.254113     0.562136      0.18209
 0.000836753  5.81318e-05    2.065e-06  6.54116e-07  7.95584e-06    0.0368508     0.240641     0.721602
 3.21571e-06  5.75759e-05  3.03682e-06    1.197e-06  1.07037e-05    0.0147575     0.722165     0.263002
   0.0916738     0.027178    0.0636324     0.334875     0.362572     0.120064   4.0251e-06  6.20656e-07
   0.0046619    0.0282653     0.185555    0.0129531     0.620069     0.148481  1.08541e-05  4.05301e-06
  0.00368045     0.011337     0.656895    0.0361836     0.272111    0.0197884  2.92701e-06  1.68033e-06
           0     0.999995            0            0            0            0  4.50974e-06            0
  0.00363681    0.0208498   0.00025588  5.92809e-06  0.000423257     0.569171     0.245166     0.160491
  1.4381e-05   0.00110494  3.70345e-06  6.58406e-06  2.94291e-05    0.0501833     0.255433     0.693225
   0.0386292    0.0437301    0.0623024    0.0411226      0.57988     0.234336            0            0
 0.000673134   0.00280512     0.977455   0.00282382     0.013891   0.00234999  2.07054e-06            0
    0.152892     0.101805     0.124601     0.139505     0.309465      0.17173  1.80536e-06            0
   0.0980023     0.401029    0.0689062     0.017741     0.141132     0.270616  5.87574e-05   0.00251493
 0.000720288            0    0.0017615   0.00315257     0.929788    0.0645532  1.96965e-05   4.8207e-06
   0.0146007     0.322133    0.0371525   0.00260423    0.0921615      0.50654  0.000705439    0.0241023
           0    0.0178291   0.00396747            0    0.0398732     0.850979    0.0567826    0.0305687
   0.0343617     0.723261    0.0231479   0.00436088    0.0486871     0.161536  4.70835e-05    0.0045975
   0.0102812    0.0630181     0.159306    0.0116397     0.499172     0.256573  1.00577e-05            0
  0.00929955     0.972301  0.000339577  0.000269416   0.00032118    0.0165833  7.60347e-07  0.000885094
   0.0221986     0.161958    0.0695141   0.00572003     0.218038     0.520157            0   0.00241445
   0.0267158     0.118172   0.00160302            0            0      0.66582    0.0592603     0.128429
  0.00427879    0.0262936    0.0357739   0.00439325     0.444044     0.485216            0            0
   0.0145402   0.00434551            0  0.000335561   0.00450555      0.34793     0.376744       0.2516
 8.02905e-05  9.91419e-05  4.36957e-06  1.39224e-06  2.55478e-05            0     0.757914     0.241876
  0.00209116    0.0120117     0.278112    0.0334424     0.632306    0.0420265  6.63892e-06  3.13369e-06
 3.27085e-05  1.30924e-05  3.29655e-06  1.12961e-07  2.05023e-05   0.00171997     0.121489     0.876722
    0.372932     0.140413   0.00531213   0.00830563     0.030952     0.389552     0.011488    0.0410451
    0.959939   0.00842991  0.000443761   0.00039096  0.000720814    0.0283603  0.000150376   0.00156456
      0.2311    0.0969753   0.00195475   0.00624826    0.0331206     0.482823    0.0418007     0.105977
   0.0128356   0.00116643    0.0666775     0.223102     0.678424    0.0177934  1.91374e-07  1.03237e-06
    0.004583  0.000691947  0.000214874     0.975148      0.01764   0.00171966  2.43377e-06  5.17869e-07
           0     0.017405    0.0575797            0     0.709837     0.215137  2.63941e-05   1.5223e-05
 0.000946134   0.00410962     0.966532   0.00394572    0.0209047    0.0035582  3.20207e-06  3.89211e-09
  0.00168428   0.00737213     0.933138   0.00547285    0.0437915   0.00853774  3.83959e-06  6.42132e-08
    0.164165    0.0392971   0.00363156    0.0164652     0.112592     0.589313    0.0299444    0.0445915
    0.722819    0.0616926    0.0121843    0.0172075    0.0417648     0.143053  2.32873e-05   0.00125547
  0.00343978   0.00096081            0  1.01875e-05  0.000112033     0.110917     0.335304     0.549256
  0.00956392            0   0.00483592    0.0655754     0.870974    0.0490488  2.11837e-06  2.28404e-07
    0.182837     0.201771     0.104811    0.0629794     0.209032     0.238182            0  0.000387754
           0  1.41968e-06  7.61445e-08  1.30458e-08  1.61014e-07    0.0348744     0.847094      0.11803
   0.0147311   0.00702854        0.107     0.589788     0.266213    0.0152369  9.94819e-07  1.59656e-06
  0.00195342   0.00586779     0.963933   0.00328053    0.0183685   0.00659348  3.34902e-06            0
   0.0244863    0.0070965    0.0341673     0.708379     0.200739    0.0251291  2.56969e-06            0
    0.105597    0.0215787    0.0165964    0.0581826     0.410689     0.382369   0.00199886   0.00298834
    0.356685     0.057966    0.0220562    0.0650537     0.165456     0.327591   0.00115726   0.00403576
    0.885981    0.0308414   0.00316287   0.00444696   0.00852993    0.0663344            0  0.000702929
   0.0328291   0.00571438    0.0224978     0.137369     0.683621     0.117969            0            0
    0.462178     0.063655   0.00776064    0.0240288     0.071996     0.351981   0.00428451     0.014116
  0.00764075   0.00942535    0.0161365   0.00681468     0.440463      0.51952            0            0
   0.0194763     0.947836    0.0021675  0.000679778   0.00356543    0.0256975  3.36022e-06  0.000573842
  0.00196316  0.000208127            0            0  6.36005e-05      0.16475     0.561563     0.271452
 0.000375005  2.29732e-05  3.42219e-06  7.56162e-07  1.03425e-05    0.0235283     0.418544     0.557516
 2.49894e-05  6.19094e-07            0            0            0    0.0938926     0.812619    0.0934628
  0.00149468   0.00637706            0  4.42407e-05            0     0.211572     0.423566     0.356946
   0.0491024     0.516649    0.0251117   0.00240903     0.054166     0.333292   0.00096925       0.0183
   0.0951159     0.126851    0.0020339   0.00244729    0.0164687     0.502284    0.0730034     0.181796
 5.98166e-07  7.28892e-06  8.49447e-08  8.38099e-08            0    0.0159897      0.96559    0.0184122
 6.06831e-05  6.00606e-05  6.28994e-06            0  4.26048e-05   0.00336297     0.234164     0.762303
    0.940281     0.015653   0.00134854   0.00184442   0.00351633    0.0366884  1.43234e-05  0.000654227
 1.40432e-05  8.12115e-09  9.78761e-08            0  1.93278e-06   0.00247176     0.997374  0.000138199
 0.000472754            0  3.17635e-06    1.348e-06  1.43561e-05    0.0243916     0.251862     0.723255
    0.034154     0.162844     0.140062    0.0127107     0.297627     0.352235  2.00204e-05  0.000346848
           0   0.00375779    0.0237566            0     0.855657     0.116778  3.80254e-05  1.29666e-05
   0.0126708   0.00280079     0.109088     0.427089     0.439535   0.00881533  3.71275e-07  1.04861e-06
 0.000238533   0.00204554  6.97904e-07  1.41891e-05  2.13821e-06    0.0771296     0.178499     0.742071
   0.0327729    0.0662062     0.460694    0.0617452     0.278738    0.0998278  1.62773e-05            0
           0   0.00111514     0.162719     0.046218     0.788222   0.00172022  3.64703e-06  1.71227e-06
  0.00735932   0.00164437            0  0.000229912   0.00494527     0.417744     0.412253     0.155824
  8.7314e-05            0  3.05675e-06  1.27218e-07  2.77172e-05    0.0539394     0.821291     0.124651
  0.00578033   0.00302491            0  4.37435e-05   0.00030272     0.111621     0.126716     0.752511
           0            0  9.00941e-06            0  4.60146e-05    0.0232754     0.405984     0.570685
 2.55013e-06            0            0  4.45065e-07            0    0.0983419     0.874726    0.0269287
    0.062042     0.253364     0.146093    0.0221153     0.222309     0.293319  2.28838e-05  0.000734739
   0.0691426    0.0411508     0.137252     0.325843     0.331046    0.0955538   6.2083e-06  5.63533e-06
 0.000180276  1.57489e-05  7.99215e-06  1.02934e-06  6.59208e-05    0.0235573      0.59856     0.377612
  0.00451082    0.0547849   0.00167983            0  0.000930111     0.742601     0.100862    0.0946313
  0.00100137   0.00305478            0  2.19665e-06   0.00175339     0.433962     0.431236      0.12899
  0.00444317   0.00128482   0.00859934     0.973988    0.0107696  0.000909967   3.1124e-06   1.7138e-06
 0.000105267            0  9.06843e-06            0  6.52833e-05            0     0.326431     0.673389
  0.00136607  8.88519e-05  3.70783e-07            0            0    0.0843168     0.393024     0.521204
   0.0208699   0.00440676    0.0575901     0.479101     0.414809    0.0232222  5.90246e-07  3.97016e-07
 0.000822702   0.00313154  2.27239e-06   2.7436e-05  1.91986e-05     0.107668     0.321891     0.566438
   0.0690201    0.0151661    0.0376929     0.173909     0.535823     0.168389            0            0
    0.282726     0.130528    0.0711526    0.0839349     0.214015     0.217476            0  0.000167399
           0  0.000436719            0  9.16771e-07            0     0.239066     0.641358     0.119139
    0.550768     0.113553   0.00845531    0.0106769    0.0327552     0.272107    0.0016235    0.0100608
    0.017696   0.00152337            0    0.0399833      0.81537     0.125427            0            0
   0.0362484     0.018842  5.03568e-05  0.000784275   0.00666534     0.400525     0.212171     0.324714
  0.00710766      0.18612    0.0370393   0.00136414     0.114185     0.639837            0    0.0143471
  4.5506e-05            0            0            0            0     0.189103     0.713329    0.0975232
  0.00482912    0.0073433     0.774267    0.0460018     0.154919     0.012638  9.36034e-07  1.27697e-06
    0.181664    0.0430838    0.0510263     0.169771     0.320202     0.234133            0  0.000120816
   0.0161581            0  0.000491216   0.00747785     0.185285     0.756227    0.0217231    0.0126383
   0.0181115    0.0588813     0.504658     0.029672     0.292649    0.0960073  1.85272e-05  2.17535e-06
 4.32624e-05  1.06645e-05  1.01281e-06  1.64787e-07  9.14808e-06            0     0.986544     0.013392
    0.394025    0.0903545   0.00313178   0.00907027    0.0354587     0.408436    0.0150278    0.0444959
   0.0826006    0.0896901     0.233464     0.128068     0.327706     0.138466  4.68867e-06            0
 3.72158e-06   2.8436e-05  8.39214e-07  4.78198e-07  2.41913e-06   0.00991633     0.898557    0.0914911
     0.15287    0.0615127    0.0886325     0.194452     0.337371     0.165133    1.838e-05  1.00639e-05
 7.45023e-05            0   1.8947e-06            0  2.06472e-05    0.0244452     0.963395     0.012063
    0.178626    0.0351976     0.015681    0.0729868     0.275548     0.418229    0.0013449   0.00238708
   0.0263103     0.241662    0.0191381   0.00078643    0.0469726     0.601302    0.0119223    0.0519071
   0.0726241      0.30431      0.01164   0.00154416    0.0288018     0.504017    0.0141316    0.0629314
  0.00140282   0.00024607            0            0            0    0.0538761     0.155534     0.788941
  0.00465996     0.017328     0.693365    0.0207395     0.234017    0.0298839  5.34022e-06  1.03118e-06
           0  0.000557078  4.56749e-06  2.25028e-06  2.98011e-05    0.0274677     0.234715     0.737223
           0            0            0            0            0            0            0            1
  0.00718444    0.0235233  6.61357e-05  0.000107598            0     0.416987     0.267475     0.284657
     0.11642     0.219021   0.00558943   0.00291193    0.0212471     0.504944    0.0304713    0.0993949
    0.695701     0.066225   0.00360793   0.00586784    0.0169578     0.198261   0.00219928    0.0111804
 2.09944e-05  1.45006e-07  2.43698e-07  1.52676e-09  3.48757e-06   0.00128019     0.998581  0.000114309
    0.142056     0.499074    0.0240112   0.00889343    0.0523794     0.262497  0.000625268    0.0104635
 4.29209e-07  1.80058e-05  9.33989e-07  3.63086e-07  2.36203e-06    0.0255036     0.810497     0.163977
    0.140995     0.106082   0.00222363   0.00390829     0.028134     0.458038     0.075614     0.185005
           0  0.000166341    0.0226622   0.00841266     0.951073    0.0176705  1.21497e-05  3.38637e-06
 0.000104258  2.12295e-05  2.92606e-06  5.07879e-07  7.82955e-06    0.0313694     0.532524      0.43597
           0    0.0620761    0.0147089            0    0.0591871     0.838697     0.012096    0.0132353
           0    0.0175432     0.012945            0     0.144174     0.811043    0.0102693    0.0040258
  5.6969e-05            0  1.35133e-06            0   1.4899e-05    0.0239226      0.97064   0.00536386
    0.839601    0.0244881     0.001934   0.00471534    0.0134756     0.109726  0.000972663   0.00508695
           0            1            0            0            0            0            0            0
 0.000299209    0.0119894      0.09379   0.00123869     0.783562     0.109091  2.06629e-05  8.85883e-06
           0            0            0     0.999999            0            0  9.15393e-07  3.08013e-07
   0.0232607    0.0327596   7.5002e-05  0.000460637   0.00198481     0.350458     0.171708     0.419293
  0.00213855            0   0.00978715     0.028945     0.942391    0.0167318  5.13758e-06  1.06644e-06
  0.00312341  0.000945831   0.00181755  0.000571652     0.832748     0.160769   1.9783e-05  5.20925e-06
  0.00035144  3.19571e-05  2.11759e-06  1.63336e-06  1.29018e-05    0.0223525     0.145134     0.832113
           1            0            0            0            0            0            0            0
    0.464441    0.0808402    0.0288153    0.0493862     0.119379     0.255258  0.000272634   0.00160848
 8.00217e-05  0.000363689  4.12307e-06  1.78741e-06  2.41776e-05    0.0157183     0.186419     0.797388
   0.0212101  0.000537835            0   0.00430473    0.0863438      0.76606    0.0765257     0.045018
   0.0296149     0.255627    0.0599891   0.00671667     0.159086     0.479706            0   0.00926046
  0.00378082            0     0.083485     0.128099     0.783323   0.00130949  1.24364e-06  1.14328e-06
  0.00360365   0.00716737     0.346791    0.0876928     0.541903    0.0128372  2.48449e-06  2.86335e-06
   0.0344039     0.889123    0.0025337   0.00111769   0.00402121    0.0655659  2.86517e-06   0.00323215
   0.0625949    0.0200367   0.00013638   0.00316783    0.0316339     0.617736     0.135142     0.129552
    0.047785     0.741232    0.0236536   0.00559775    0.0486599     0.130634  1.88396e-05   0.00241868
 2.62394e-05  9.11026e-05  5.94576e-06  2.01913e-06  2.41299e-05    0.0148103     0.538164     0.446876
           0    0.0018792   0.00206984  0.000109958    0.0707929     0.855012    0.0495877     0.020548
 0.000183159  9.29874e-05  6.52325e-06  1.49189e-06  4.98045e-05   0.00649724     0.695742     0.297427
   0.0209993     0.932034   0.00403448   0.00114114    0.0075538    0.0335229  1.21383e-07  0.000714308
 9.82366e-08  4.77436e-07            0   1.2091e-11   2.2875e-07     0.032534       0.8626     0.104866
   0.0498648    0.0125444    0.0539688     0.430868     0.385602    0.0671505  1.23002e-06  1.94175e-08
  0.00582083    0.0269481     0.291935    0.0228991     0.566041    0.0863467  7.58443e-06  1.97631e-06
   0.0144037     0.878267   0.00569063  0.000478768     0.011185    0.0858454            0   0.00412975
  0.00102665  9.56278e-05            0            0  0.000525633     0.316526     0.560472     0.121354
   0.0189055   0.00161825    0.0301332     0.172076     0.727664    0.0496015  5.28117e-07  1.26707e-06
           0            0  1.46274e-06            0  9.70873e-06            0    0.0554295     0.944559
  0.00621897    0.0382321     0.117841   0.00759642     0.585547     0.244548  1.13131e-05  4.22542e-06
    0.743878    0.0645339   0.00796487    0.0107878    0.0254386     0.145114  4.99997e-05    0.0022325
  1.7772e-05  5.83155e-05  2.21785e-06  1.02982e-06  8.41743e-06            0     0.855669     0.144244
    0.166249    0.0380669   0.00722102    0.0294711     0.186427     0.543335     0.011568    0.0176618
  7.5048e-05  2.47225e-08   1.8392e-06  1.10167e-08  1.89865e-05    0.0122168     0.967454    0.0202333
     0.10515    0.0219063    0.0451438     0.226696     0.431752     0.169352            0            0
  0.00521961            0            0    0.0218259     0.902362    0.0705851  6.46529e-06   8.9648e-07
    0.203381    0.0546947   0.00289147    0.0122335    0.0708355     0.550588    0.0371361      0.06824
    0.159808     0.293664   0.00528178   0.00406622    0.0171471     0.438137    0.0164695    0.0654265
    0.254908    0.0539338   0.00537507    0.0225382      0.10023     0.511519    0.0174736    0.0340214
   0.0979342    0.0220918   0.00233681    0.0138898     0.143454     0.645104    0.0352083    0.0399807
  0.00015482   0.00074207  7.36034e-06  6.15296e-06  6.33262e-05    0.0341052     0.387666     0.577255
 1.94315e-06  3.51052e-05  1.51699e-06  6.77921e-07  4.56141e-06    0.0149892     0.818318     0.166649
   0.0463735     0.370891    0.0228569   0.00145512    0.0548945     0.466143   0.00325991     0.034126
  0.00264376            0  0.000732712   0.00214772     0.130447      0.82337    0.0289812    0.0116775
           0  0.000722973     0.999122  0.000153513            0            0   1.4742e-06            0
  0.00161106   0.00621406     0.955895   0.00440475     0.025733   0.00613837  4.13656e-06    7.207e-11
 2.02199e-05  2.59195e-05  2.43853e-06  5.72437e-07  6.26432e-06    0.0280895     0.628019     0.343836
 1.69737e-06  8.34933e-09  5.16622e-09            0  9.36588e-08    0.0224637     0.975719   0.00181567
   0.0593046     0.428246    0.0689036    0.0117364      0.13291      0.29469            0   0.00420877
           0            0            0            0            0    0.0676971     0.900719    0.0315839
           0            0  6.03246e-06  2.83751e-07  4.11701e-05            0     0.234964     0.764988
           0   1.7108e-06            0            0  7.74747e-08    0.0383244     0.911691    0.0499826
   0.0501248     0.133068     0.302944    0.0387195     0.293272     0.181841  3.03626e-05            0
 8.08243e-05  4.64191e-05  2.50815e-06  7.00966e-07  1.87664e-05            0     0.911219    0.0886322
  0.00295535   0.00218184            0  2.57855e-05  0.000108861    0.0659261    0.0374951     0.891307
     0.12159    0.0666528   0.00123974   0.00361748    0.0276932     0.510917    0.0943486     0.173941
  0.00435442    0.0183056     0.465754    0.0325612     0.436103     0.042914  5.32644e-06  1.84191e-06
   0.0422256    0.0151278    0.0533248     0.615085     0.226545    0.0476843  5.13976e-06    1.976e-06
    0.268055     0.141794   0.00292443   0.00615485    0.0260222     0.438591    0.0288905    0.0875678
           0  7.96235e-06            0            0            0   0.00991563     0.960759    0.0293174
 0.000337627  8.53792e-07   2.8632e-06  1.68118e-06   1.5074e-05    0.0210007     0.203042     0.775599
  0.00699399    0.0218392     0.723307    0.0232563     0.191846    0.0327484  7.68384e-06  7.19808e-07
    0.478667    0.0696236   0.00372872    0.0128193    0.0433341     0.358932   0.00788837    0.0250069
           0    0.0123152      0.17292   0.00880816     0.735722    0.0702194  1.09628e-05  3.67439e-06
 0.000986959     0.016877  0.000598886            0   0.00608539      0.69769     0.180725    0.0970358
  0.00588149   0.00168149            0  4.47958e-05  0.000612684     0.198833     0.418689     0.374258
 0.000391296  3.03639e-05  4.16818e-06  1.68651e-06  1.94379e-05     0.019301     0.275364     0.704888
    0.132712     0.145219     0.151535    0.0951094     0.283484      0.19194            0            0
   0.0262976    0.0296129     0.299674     0.121413     0.456891    0.0661067            0  4.99249e-06
    0.107539    0.0280892   0.00114303   0.00874517    0.0802247     0.633318    0.0616337    0.0793071
    0.123532     0.223599     0.137753       0.0436     0.211701     0.259685   1.0986e-05  0.000119205
  0.00675232    0.0392977    0.0655755   0.00611045     0.524676     0.357588            0            0
 1.41358e-05            0  6.93082e-08            0  1.80458e-06  0.000963571     0.998906  0.000114836
  0.00518265    0.0176628    0.0385411    0.0051552     0.615516     0.317886  3.54777e-05  2.06056e-05
    0.181308      0.30765    0.0638878    0.0308697     0.145452     0.267744  0.000132721   0.00295647
   0.0292997     0.906528   0.00525208   0.00148338   0.00963215    0.0467498            0   0.00105487
  0.00315697     0.995365            0  8.38708e-06            0   0.00146551  3.69313e-06            0
           0    0.0171905    0.0200902            0     0.288835     0.673884            0            0
 0.000187944            0  1.80287e-07            0            0    0.0905975     0.718134     0.191081
 1.31763e-05            0  2.03198e-07            0  2.65461e-06    0.0406896     0.955094   0.00420073
   0.0197904     0.121615     0.112435   0.00724063     0.321528     0.417389  2.12231e-06            0
    0.347399     0.148666    0.0429454    0.0452084     0.124661     0.289274  7.36275e-05    0.0017734
    0.903621    0.0219557   0.00423558   0.00616913    0.0141108    0.0496827            0  0.000225264
 9.14972e-06  3.65213e-06  1.62629e-07  4.67408e-08  1.38216e-06   0.00218217     0.997778  2.51596e-05
   0.0146032   0.00435376     0.013808     0.893112    0.0622234    0.0118942  3.90059e-06  1.26939e-06
 0.000338628   0.00138593  5.70731e-06  1.18541e-05  4.96972e-05    0.0668232      0.40039     0.530995
    0.905917    0.0253343   0.00303631   0.00424919   0.00878058    0.0522393  9.38439e-07  0.000442334
   0.0390141   0.00111095            0    0.0106012     0.150477     0.731777    0.0356953    0.0313238
 0.000259017    0.0017284     0.989196   0.00141682   0.00649385  0.000903659  2.07868e-06  7.06655e-10
   0.0133219    0.0124828     0.338736     0.180426     0.430441    0.0245887  3.33738e-07  3.29497e-06
  0.00205327  0.000528561   0.00413952     0.991287   0.00191331  7.50359e-05  2.23687e-06  1.09685e-06
  0.00225081  0.000515169            0            0            0    0.0767781     0.259679     0.660777
   0.0463744     0.207287     0.156299    0.0168311      0.26425     0.308558  3.25291e-05  0.000367973
   0.0021316    0.0014744    0.0213114     0.944113    0.0294399   0.00152826  6.69946e-07  9.34836e-07
  0.00464969     0.120819    0.0453176   0.00138702     0.174477     0.649017            0   0.00433166
  0.00197469   0.00429959            0  4.48105e-05  7.31653e-06     0.108258     0.136589     0.748827
   0.0323627   0.00890918    0.0101988    0.0285682      0.63455     0.285411            0            0
  0.00748704   0.00128024   0.00413948     0.923733    0.0583219   0.00503694  1.56396e-06  1.25749e-09
    0.872255    0.0287237   0.00175181   0.00247971   0.00557812    0.0848438  0.000493964   0.00387435
    0.230825     0.202965   0.00557573   0.00646527    0.0282027     0.444239        0.018    0.0637276
    0.173214    0.0774855    0.0142365    0.0128621    0.0928531     0.629349            0            0
   0.0094806    0.0243994     0.565919    0.0378308     0.318706    0.0436568  4.96524e-06  2.18592e-06
   0.0203064     0.945957   0.00177336  0.000692982   0.00265654    0.0278007   2.7789e-06   0.00081012
           0   0.00378029      0.14706    0.0167294     0.811093    0.0213247  8.86688e-06  3.29341e-06
  0.00505663            0   0.00354695   0.00307016     0.293324     0.693758   0.00117493  7.01556e-05
   0.0179207     0.159506   0.00874198  0.000141183    0.0175022     0.688318    0.0333158    0.0745539
    0.078537     0.464387    0.0172342   0.00234937    0.0383093     0.374178  0.000934638    0.0240709
 1.52787e-05            0  7.77685e-08  1.17225e-10  1.97962e-06            0     0.999968  1.47285e-05
  0.00312478    0.0058063      0.90806    0.0141134    0.0602637   0.00862997  1.42235e-06  4.06874e-07
   0.0095409   0.00464273   0.00856657   0.00477052     0.674979       0.2975            0            0
    0.070068     0.193709   0.00727189   0.00245577    0.0249802     0.550352      0.04088     0.110283
    0.248018    0.0758756   0.00204348   0.00897989    0.0474331     0.501855    0.0367135     0.079081
  0.00450403  0.000685232            0  4.16432e-05  0.000895164     0.258112     0.516124     0.219637
   0.0645412     0.547272     0.047689    0.0100417     0.096455     0.230329  1.26746e-05   0.00365962
  0.00373432    0.0518114     0.043698   0.00267033     0.320095     0.577991            0            0
           0  7.28342e-07  7.52323e-10   2.8112e-08            0    0.0657383     0.913589    0.0206714
    0.990969   0.00215114            0            0            0   0.00657766   1.5568e-05  0.000286514
 0.000173659  2.52269e-05  2.67181e-06            0  2.95855e-06    0.0116223    0.0998017     0.888371
   0.0183514   0.00445281    0.0327471      0.69597     0.229825    0.0186532  1.14067e-06            0
  8.2457e-05            0  2.14282e-06            0  2.25413e-05    0.0223452     0.953347    0.0242007
  0.00462202  0.000842491  0.000934249     0.965176    0.0256269   0.00279615  1.81759e-06  2.38054e-07
   0.0089237    0.0446856     0.241779    0.0202868     0.530489     0.153827  9.42054e-06            0
    0.289395     0.231224   0.00864324   0.00873663    0.0335187     0.396115   0.00545966     0.026908
    0.944562    0.0154122   0.00147035   0.00209584   0.00374761    0.0324234  1.44262e-05  0.000274453
    0.134928    0.0305979    0.0107714    0.0432752     0.286314     0.480631   0.00549985   0.00798246
  0.00930836   0.00196263   0.00447804     0.924678    0.0534312   0.00613844  2.65024e-06  2.62307e-07
   0.0478436    0.0101777   0.00842569    0.0536281     0.636098     0.243788            0  3.84881e-05
 3.12417e-05            0  2.96168e-06   3.7107e-08  1.89609e-05  0.000598187     0.114442     0.884906
 0.000148356  5.24153e-05  4.57611e-06    1.323e-06   1.6251e-05    0.0193876     0.495499      0.48489
 7.61329e-05            0  1.82746e-06            0  2.03804e-05    0.0178378     0.980263   0.00180074
           0  3.17045e-06            0            0   7.4574e-07    0.0460571     0.871522    0.0824174
    0.344264    0.0601959    0.0124024    0.0436814     0.130897     0.392512   0.00430537    0.0117407
    0.273901    0.0607926     0.040078     0.101939     0.241729     0.280715  0.000159283  0.000686186
           0   0.00052297    0.0667992    0.0195493     0.909749   0.00337077  6.48239e-06  2.02948e-06
 4.79715e-05   0.00029769  6.89237e-06  1.36857e-06   5.0505e-05    0.0140377     0.306354     0.679204
 1.76191e-05   0.00111291  2.98991e-06  6.23329e-06  1.96739e-05    0.0489488     0.218249     0.731643
  0.00511643   0.00288675            0  0.000228668   0.00882749     0.539034     0.317154     0.126753
 4.25548e-05  8.16966e-05  6.82896e-08  9.11923e-07            0     0.146905     0.809874     0.043095
   0.0331652   0.00794544  2.91833e-05    0.0022969    0.0326413     0.632636      0.17602     0.115266
      0.8794     0.015352   0.00274104   0.00650168    0.0165725    0.0769514  0.000326909   0.00215415
  0.00093501            0  6.75242e-08            0            0     0.112557      0.51903     0.367478
   0.0243117   0.00475675    0.0533737     0.289921     0.588757    0.0388799            0  4.55536e-07
    0.867318    0.0343844   0.00361073     0.004985    0.0103724    0.0781848            0   0.00114431
 0.000100911    0.0022357     0.980912            0    0.0135707   0.00317925  9.81201e-07  1.88956e-08
           0            0            0            0            0            1            0            0
  0.00478452    0.0148331     0.024584   0.00453419     0.503001     0.448238            0  2.50542e-05
    0.518917    0.0899845   0.00379397   0.00836556    0.0265322     0.314275   0.00833397    0.0297973
   0.0159847   0.00904529  3.29667e-05  0.000251276   0.00200372     0.215528     0.239547     0.517607
    0.838758    0.0312642    0.0014987   0.00297326   0.00821306     0.110306  0.000994305   0.00599216
           0  2.76303e-06  3.59249e-08   1.1897e-08  4.83556e-07    0.0335399     0.867007    0.0994497
   0.0014316   0.00242734            0  2.80242e-05  2.81725e-05    0.0568009    0.0861339      0.85315
   0.0119844    0.0127349  2.03166e-05  0.000228016    0.0011622     0.185608      0.15107     0.637193
   0.0794625     0.202339     0.178515    0.0395949     0.246426     0.253527  2.13546e-05  0.000115478
    0.066214    0.0160243    0.0133081    0.0456429     0.502045     0.354621  0.000874332   0.00127033
    0.216097     0.091576    0.0885587     0.129012     0.283628     0.191129            0            0
   0.0353052     0.891268   0.00561319      0.00165   0.00996717    0.0548969            0   0.00129936
   0.0358521     0.207644    0.0871894   0.00932956     0.224136     0.433499            0   0.00234973
           0    0.0468922    0.0054492            0    0.0198064     0.828786    0.0552584    0.0438081
    0.493171    0.0593788    0.0135985    0.0360623    0.0944029     0.295132   0.00163201   0.00662245
    0.623785    0.0541622   0.00445819    0.0125818    0.0369869     0.252997   0.00299924    0.0120293
  0.00141956  0.000380889   0.00282863      0.99315   0.00206024  0.000158114  1.82923e-06   8.1989e-07
   0.0315245     0.873879   0.00281748  0.000927551    0.0051354    0.0811643  1.11695e-05   0.00454066
    0.244451     0.316166    0.0167109    0.0110154     0.048319     0.349848   0.00124275    0.0122464
           0            0  5.20483e-08            0  9.07674e-08     0.039772     0.836635     0.123593
    0.025503    0.0154934     0.153429     0.478159     0.293454    0.0339574  2.04382e-06  2.59215e-06
           0  2.07086e-06  3.16549e-07  4.06471e-08  2.42874e-08    0.0410192     0.796629     0.162349
  0.00129189   0.00844555    0.0262502  0.000617771     0.757529     0.205799  4.76988e-05  1.86628e-05
    0.264814    0.0485999    0.0184202    0.0664534     0.193697     0.400363   0.00225165   0.00539954
 0.000363523   0.00226044  1.24739e-06  1.38664e-05  1.63071e-05     0.160856     0.537446     0.299042
 0.000362984   0.00495314    0.0005773  1.92839e-05    0.0224914     0.768205     0.139758     0.063632
  0.00360046    0.0135659     0.679209    0.0244327     0.254867    0.0243198  3.90915e-06  1.36287e-06
   0.0102601   0.00353589    0.0601793     0.708619     0.208524   0.00888042  4.62392e-07  7.12305e-07
  0.00535797   0.00946623     0.536016    0.0842653     0.349347     0.015544  1.44778e-06   2.3177e-06
    0.348132    0.0660149   0.00602767    0.0212653    0.0790038     0.444634    0.0101987    0.0247233
    0.196332     0.144031     0.106525    0.0947173      0.25333     0.205025            0  3.95573e-05
           0  9.60157e-06  4.76161e-08  3.53388e-08  6.55265e-08   0.00849203     0.957391    0.0341069
           0   9.5285e-06  1.82609e-08  1.86203e-08 -3.86695e-09   0.00580516     0.968058    0.0261274
  1.4185e-05  1.51687e-07  1.14947e-07  1.20889e-09  2.00455e-06   0.00192873     0.997961  9.40606e-05
 1.62973e-05            0  1.05952e-07            0  2.24236e-06  6.30324e-05     0.999894  2.41096e-05
 8.17831e-05  8.85874e-10  1.97231e-06  2.44942e-11  2.18913e-05    0.0154774     0.981951   0.00246558
-4.59558e-10  8.91775e-06            0            0            0   0.00601741     0.967832    0.0261422
     0.48307     0.129326    0.0204073    0.0227527    0.0647404     0.274489  0.000379301   0.00483499
 7.72841e-08  1.18948e-06  8.10152e-09            0  2.82367e-07    0.0314068      0.86538     0.103212
   0.0148924    0.0261731     0.724589    0.0429981     0.152638    0.0387022  6.66851e-06  4.46764e-07
  7.6388e-05            0  1.86163e-06  2.79218e-11   2.0703e-05    0.0193107     0.977018   0.00357184
 6.69415e-05            0  1.70081e-06            0  1.86724e-05    0.0281311     0.960182    0.0115998
 8.01472e-05            0  1.91438e-06  1.95429e-11  2.13863e-05    0.0153764     0.984045  0.000474851
    0.121299     0.503388    0.0371984    0.0122016    0.0808131     0.238566  0.000272345   0.00626205
-2.07454e-09  8.93355e-06  4.03095e-10  2.68881e-09            0   0.00616148     0.968712    0.0251172
 1.42687e-05            0  6.39701e-08            0   1.7803e-06            0      0.99995  3.43868e-05
 9.36593e-08  1.08704e-05   8.4688e-08  6.59569e-08  1.18922e-07   0.00713503     0.958415    0.0344392
 4.57091e-05  8.46954e-07  9.73811e-07  1.61384e-08  1.03319e-05    0.0102746     0.986236    0.0034314
 9.34429e-08  1.00707e-05  8.04607e-08  6.87051e-08  8.28719e-08   0.00921838     0.960497    0.0302743
   0.0151815     0.002005            0   0.00157608    0.0353545     0.699221     0.160664    0.0859977
  0.00313583   0.00417471            0   5.4395e-05   0.00012372     0.078683    0.0483363     0.865492
  0.00881127   0.00273127    0.0124759     0.936539    0.0342761   0.00516085  3.66801e-06  1.78672e-06
           0   9.3551e-06  1.41924e-08  9.92452e-09  1.27123e-09   0.00598674     0.966738    0.0272657
 1.06661e-09  9.18364e-06  9.76997e-10  8.97348e-10            0   0.00523366     0.970119    0.0246385
 8.04397e-05  3.14645e-08  1.91865e-06            0  2.11944e-05    0.0146474     0.982432   0.00281673
           0  3.79479e-07  9.74686e-09            0  2.28336e-07    0.0383181      0.85074     0.110941
 1.70938e-05  9.55934e-08  1.53926e-07  3.79046e-10   2.5401e-06   0.00017817     0.999783   1.9102e-05
 3.31974e-07  1.21506e-05  2.14749e-07  1.45364e-07  4.85121e-07    0.0137802     0.925921     0.060286
           0  4.97426e-07  1.70258e-08            0  1.71621e-07    0.0331662     0.856779     0.110054
   0.0317198    0.0124048    0.0774349     0.500601     0.341562    0.0362752  2.07155e-06  8.64138e-07
 4.92922e-07  2.37618e-06  6.19877e-08  1.51482e-08  3.26362e-07    0.0324179     0.859756     0.107823
  0.00310665   0.00119154    0.0102227      0.97739   0.00740147  0.000683452   2.6582e-06  1.70702e-06
           0  1.59996e-07   4.5619e-08            0    1.911e-07     0.048034     0.828202     0.123764
   0.0367892     0.866519    0.0092898   0.00259959    0.0183296    0.0651687  9.71425e-07   0.00130332
 0.000548225   0.00300787     0.980641   0.00213791    0.0114014   0.00226089  2.79432e-06            0
           0  0.000997861  5.48557e-07  2.60345e-06  8.36946e-06     0.172193     0.641173     0.185624
 0.000614355            0  1.62962e-06  5.98097e-07  6.35859e-06    0.0316803     0.179492     0.788205
   0.0069468   0.00394394     0.036763     0.889493    0.0566658   0.00618332  1.88798e-06  2.02379e-06
   0.0485824    0.0654588     0.369131     0.108593     0.307547     0.100679  9.81876e-06            0
 0.000101639            0  2.89405e-06  1.07541e-07  2.75039e-05    0.0194793     0.905174    0.0752148
 1.63135e-05            0  1.10801e-07            0  2.25841e-06            0     0.999981            0
  0.00389006  0.000679299   0.00257622     0.985124   0.00730872  0.000417196   2.8788e-06  1.14388e-06
   0.0106361   0.00453289    0.0848074     0.658899     0.231472   0.00965141  6.02866e-07  1.19961e-06
           0  9.26519e-07            0            0  3.08352e-07     0.034365      0.86193     0.103703
 7.99666e-05  2.76633e-08  1.96921e-06  9.28742e-10  2.10729e-05    0.0166492     0.970163    0.0130846
 3.31548e-05  0.000650493  5.74077e-06  3.81229e-06  4.51004e-05    0.0326728      0.30433     0.662259
  0.00149231  0.000746545   0.00694475     0.986179   0.00412578  0.000508734  1.80367e-06  1.10429e-06
    0.936435    0.0158302   0.00122671   0.00149155    0.0029416    0.0408601  2.80286e-05   0.00118668
 8.19311e-05  1.31936e-08  2.01225e-06  1.16776e-10  2.19211e-05    0.0170233     0.974342    0.0085289
           0  8.23724e-06   7.7272e-09            0  2.71887e-08   0.00969061     0.957333    0.0329679
           0  5.74272e-06  2.42136e-08  2.48196e-08   9.7675e-08    0.0215751      0.92945    0.0489692
           0   6.5934e-06  3.74991e-08  4.47518e-08            0    0.0187056     0.946017    0.0352703
           0  3.34253e-06  2.95717e-08  3.16475e-08            0    0.0339195     0.941589    0.0244878
  0.00261136   0.00666134     0.797256     0.026826     0.155163    0.0114798   1.3305e-06  1.04461e-06
           0            0     0.995035   0.00257569   0.00238962            0  4.39853e-08            0
           0            0            1            0            0            0            0            0
           0  0.000169936     0.999829            0            0            0  7.19279e-07            0
    0.898558    0.0258056   0.00227822   0.00303542    0.0061734    0.0627362   2.4004e-05   0.00138892
  0.00014179   0.00176576  2.44733e-06  1.21665e-05  2.14715e-05    0.0706728      0.24448     0.682904
 1.48944e-05            0  7.29554e-08            0  1.91051e-06   0.00013285     0.999805  4.48819e-05
    0.028796     0.127997     0.216603    0.0172041     0.353479     0.255887  3.35737e-05            0
   0.0145786    0.0216978     0.654354    0.0656311     0.207833       0.0359    3.882e-06  1.50046e-06
   0.0154884     0.017691     0.468521     0.140881     0.324077    0.0333383  1.44214e-06  2.97411e-06
  0.00145537   0.00556817     0.950004   0.00591622     0.031663   0.00538937  3.64001e-06  1.49997e-08
    0.022116   0.00999012    0.0526154     0.763845     0.129301    0.0221236    4.782e-06  3.63026e-06
    0.828794    0.0448349   0.00540687   0.00747946    0.0164454    0.0959769            0   0.00106199
  0.00188959   0.00865745     0.845799   0.00942249     0.120248    0.0139798  2.97915e-06  6.33927e-07
 8.17327e-05  1.78377e-08  1.96032e-06  1.47038e-11  2.17002e-05     0.014828     0.982538   0.00252828
  0.00138271   0.00506512            0   4.3251e-05            0     0.146736     0.277221     0.569552
    0.946705    0.0150295   0.00157445    0.0022124   0.00412678    0.0301245  8.76545e-06  0.000218274
 0.000904403   0.00386924     0.978253   0.00194144    0.0115555   0.00347357   3.0443e-06            0
 2.38856e-05   0.00109515  4.51035e-06  7.03105e-06  3.97257e-05    0.0508199     0.295263     0.652746
 6.10345e-05            0  9.88949e-08  1.19633e-09  2.08279e-07    0.0742168     0.776296     0.149426
 0.000360605  1.64452e-06  8.55045e-08            0            0     0.121043     0.696269     0.182326
  0.00134949  6.05418e-05            0            0  5.38565e-05     0.183868     0.626069     0.188599
    0.917639    0.0219095   0.00221714      0.00312   0.00611499    0.0484349  8.14596e-06  0.000556487
   0.0393123    0.0167722    0.0667913     0.611048     0.221574    0.0444921  5.85068e-06  4.19097e-06
   0.0875549     0.034902    0.0873411     0.354391     0.328248     0.107547  8.93714e-06  7.62208e-06
   0.0359023      0.01836    0.0881255     0.580241     0.234194    0.0431689  4.74032e-06  3.85301e-06
   0.0472878    0.0338558     0.197126     0.314957     0.336727    0.0700385  4.00557e-06  3.59357e-06
           0  0.000712285  2.88287e-06  2.86262e-06  1.33467e-05    0.0333573     0.174698     0.791213
           0  7.94385e-07            0            0  2.71052e-07    0.0317872     0.865751     0.102461
 6.03621e-09   6.8198e-07  6.18571e-09            0  2.25802e-07    0.0320178     0.862538     0.105443
 1.75653e-08  7.99352e-07  1.85458e-08 -2.54212e-10  2.05781e-07    0.0325935     0.858932     0.108474
    0.194817     0.057476    0.0647452     0.173452     0.307413     0.202097            0            0
   0.0018187    0.0106855  7.63375e-05            0  0.000733783     0.500965     0.334598     0.151123
 0.000490442   0.00301397            0            0  1.86556e-06     0.343819     0.507408     0.145267
   0.0938809    0.0417516            0   0.00299936    0.0241426     0.567937     0.105721     0.163568
  0.00825802   0.00298422    0.0175601     0.931848    0.0345993    0.0047446  3.70069e-06  2.26147e-06
  0.00179358  0.000238595   9.1199e-05       0.9931   0.00443605  0.000337845  1.79253e-06  5.29417e-07
           0   1.5912e-06  2.27522e-08            0  4.27965e-07    0.0420869     0.851831      0.10608
    0.807559    0.0492847   0.00540978   0.00739734    0.0161125      0.11243  2.85384e-06   0.00180378
           0            0            1            0            0            0  3.38988e-07  8.82294e-10
  0.00488008   0.00226541    0.0188984      0.95053    0.0210718   0.00234855  2.93006e-06  2.27111e-06
    0.223207    0.0425835    0.0297689     0.106167      0.26022     0.337136  0.000181687  0.000734703
           0  5.15784e-07            0 -3.55573e-11  2.45433e-07    0.0341545     0.860165      0.10568
  0.00167306   0.00674318     0.945601   0.00593773    0.0334832   0.00655704  4.49943e-06  1.63767e-09
   0.0304409   0.00752691    0.0508697     0.492256       0.3808    0.0381055  9.13757e-07  1.20132e-07
    0.917745    0.0226901   0.00229311   0.00322453   0.00610332     0.047499   7.4214e-06  0.000437256
  0.00980215     0.977235  0.000577468  0.000250844  0.000653554    0.0112008  3.49853e-06   0.00027709
 7.43509e-05  6.53017e-08  1.76587e-06            0  1.91589e-05    0.0151374     0.978218   0.00654884
 9.56847e-05            0  6.44235e-08  2.10952e-11            0    0.0853334     0.774944     0.139627
   0.0274635   0.00890906            0   0.00109015    0.0132976     0.506521     0.258656     0.184063
   0.0122963   0.00323663            0  0.000389931   0.00642858     0.424849     0.368339     0.184461
 0.000177945  0.000291027  8.94608e-06  2.96742e-06  7.07699e-05   0.00817759     0.417865     0.573406
 8.29158e-05  0.000520975            0            0            0     0.301499     0.584311     0.113586
    0.101365     0.659745    0.0115594   0.00432158    0.0233775     0.190827  0.000173444   0.00863129
 8.82051e-05  2.55957e-05  2.32818e-06  4.27579e-07  2.01023e-05  0.000333213     0.939911    0.0596189
 0.000125854   4.7698e-05  3.71196e-06  7.94156e-07  3.03388e-05   0.00218042     0.867108     0.130503
 0.000176755  5.67258e-05  5.61178e-06  1.06399e-06   4.6108e-05     0.007522     0.770589     0.221603
 0.000159515            0  5.42485e-06  5.59234e-07  4.78636e-05    0.0170877     0.771748     0.210951
 0.000257717   0.00104645     0.991361   0.00119669   0.00534962  0.000787725  1.10481e-06  1.32699e-09
   0.0588592     0.780374   0.00480059   0.00176203   0.00905368     0.137283  7.15438e-05   0.00779638
   0.0817402     0.642234   0.00806218   0.00220048    0.0161229     0.234207  0.000465813    0.0149674
   0.0234216    0.0087634    0.0110541    0.0138669     0.534173     0.408714            0  6.80714e-06
    0.370079     0.114674   0.00370776   0.00811845    0.0319554     0.408699    0.0146935    0.0480731
 7.96385e-05  1.47038e-08  1.88016e-06  1.33553e-11  2.10163e-05    0.0142504     0.985647            0
 8.12797e-05  8.32888e-09  1.93388e-06  2.00503e-11  2.15659e-05    0.0143149     0.984922  0.000658327
     0.01643   0.00425312            0  0.000881231    0.0156607     0.545389     0.275973     0.141414
 5.49672e-05  2.54355e-06  1.64572e-06            0  1.70697e-05    0.0522344     0.902765    0.0449247
 6.33214e-05            0  1.70352e-06            0  1.83321e-05    0.0365936     0.939798    0.0235248
 7.10682e-05            0  1.80064e-06            0  1.97309e-05    0.0258329     0.963015    0.0110597
   0.0219173     0.928773   0.00129704   0.00068403    0.0019216    0.0431286            0   0.00227852
 0.000571326  0.000167128    0.0794422    0.0500755     0.869739            0  3.58004e-06  1.36935e-06
 0.000205269   4.6118e-05     0.048135      0.03022     0.921168   0.00021925  5.18111e-06  1.54027e-06
  0.00177304            0    0.0485489    0.0665629     0.882237  0.000874469  2.91465e-06  1.09242e-06
 0.000376468  5.27697e-06    0.0465496    0.0352066     0.917783  7.33436e-05  4.66101e-06   1.4066e-06
 0.000399281            0    0.0239634    0.0226064     0.947462   0.00556029  6.50584e-06  1.67346e-06
    0.323749    0.0703052    0.0036501    0.0133806    0.0579602     0.468512    0.0190737    0.0433695
 0.000146879  0.000117462    0.0465492    0.0242627     0.925975   0.00293994    6.475e-06  1.87169e-06
 0.000393372  4.02823e-06     0.044038    0.0348689      0.92069            0  4.68104e-06  1.38392e-06
  0.00074667            0    0.0432626    0.0416293     0.913908  0.000447595  4.28173e-06  1.30185e-06
  0.00219691  6.65502e-05            0  1.65002e-05  0.000722666     0.298213     0.552968     0.145816
           0  0.000777458  4.27026e-06  4.07603e-06  3.14988e-05    0.0383403     0.252687     0.708156
  0.00468384   0.00180856    0.0140014     0.962245    0.0156255   0.00163045  3.06428e-06  2.05068e-06
  0.00224008   0.00147235       0.0148     0.970824   0.00950334   0.00115655  2.02909e-06  1.69466e-06
   0.0534836     0.609866    0.0172313   0.00190709    0.0363821     0.266992  0.000106644    0.0140311
    0.476637     0.129176   0.00658999   0.00902884    0.0301452     0.323023   0.00464171    0.0207578
    0.680948    0.0754188   0.00505686   0.00727504    0.0199516     0.201058   0.00148636   0.00880557
 5.86157e-05  0.000335898  5.42942e-06  1.57169e-06  3.67812e-05    0.0154707     0.244363     0.739728
   0.0127657   0.00524844     0.125643     0.491791     0.352906     0.011643  4.66371e-07  1.45514e-06
   0.0152133   0.00896037     0.193181     0.355614     0.408727    0.0183026  5.11375e-07  2.22583e-06
 0.000362692   0.00130504     0.989461   0.00159242   0.00632872  0.000948745  1.13758e-06            0
   0.0279092     0.916072   0.00426392   0.00124251   0.00756199    0.0419863   1.6329e-06   0.00096256
           0   0.00773524   0.00800133            0     0.150252     0.812298    0.0157256   0.00598801
  0.00311337   0.00539378  0.000106658   0.00012974    0.0138174     0.654943     0.221056     0.101441
    0.380928     0.173996   0.00962731    0.0106783    0.0384688     0.363952   0.00366573    0.0186836
    0.348544     0.219612     0.013826    0.0120626    0.0465144     0.346785   0.00143894    0.0112166
   0.0288697    0.0161643     0.106753     0.572999     0.239616    0.0355914  3.40589e-06  2.95018e-06
  0.00629552            0     0.028503     0.101545     0.850248    0.0134061   1.7491e-06   8.1902e-07
   0.0116324   0.00974927  1.61334e-05  0.000192918   0.00118385     0.165664     0.139353     0.672209
    0.035766     0.701526    0.0162045   0.00161535    0.0336309     0.201837  0.000184864   0.00923591
 0.000190906  0.000236771  8.55411e-06  2.67524e-06  7.07345e-05    0.0141987     0.491514     0.493778
 0.000136204  0.000466084  8.05266e-06  3.92954e-06  6.57977e-05     0.020201     0.386263     0.592856
 1.85837e-05  6.18429e-08  1.85214e-07            0  2.89225e-06  0.000664496     0.999314            0
 2.96255e-05  1.91294e-06  5.36773e-07  2.80547e-08  5.83512e-06   0.00116416     0.997989  0.000809119
   0.0269214    0.0477605     0.532745    0.0662833     0.253158    0.0731208   1.0765e-05  5.47059e-07
  0.00245341  0.000921354            0  7.37047e-06  5.71741e-05    0.0638085      0.10152     0.831232
 0.000234825   0.00187175     0.992381  0.000728262   0.00369813   0.00108416  2.20065e-06  1.70907e-10
 2.03648e-05  1.56073e-06  3.21908e-07  2.07049e-08  3.63832e-06  0.000727114     0.999247            0
 0.000847789  0.000283724  1.14111e-06            0            0    0.0306523    0.0661962     0.902019
 6.75866e-05  3.17645e-06  1.65113e-06  8.95462e-08  1.61559e-05            0     0.977877    0.0220345
    0.942615     0.015644    0.0020167   0.00285661   0.00582144    0.0308612  4.86056e-06  0.000180202
   0.0449635    0.0177233    0.0638727     0.583198     0.238615    0.0516182   5.8361e-06  3.38989e-06
   0.0102166    0.0242329     0.811175    0.0218863    0.0998341    0.0326461   8.9042e-06            0
   0.0378346   0.00366594            0   0.00648259    0.0982781     0.740504    0.0653881    0.0478463
           0            1            0            0            0            0   3.7421e-07            0
   0.0407289     0.875203   0.00425888   0.00157642   0.00727068     0.068377            0   0.00258504
           0  6.11208e-07  7.20475e-09            0  2.72175e-07    0.0385045     0.852765      0.10873
   0.0213989   0.00592924  1.36313e-07   0.00104736    0.0156838     0.531693     0.268121     0.156126
 1.47843e-07  2.69318e-07  8.16127e-09            0  1.79049e-07    0.0345545     0.855278     0.110166
 8.16397e-08  3.84395e-07  2.36752e-09            0  2.12905e-07    0.0340141     0.858604     0.107381
 0.000187895  8.02643e-05  7.20276e-06  1.45966e-06  5.83025e-05    0.0133859     0.649391     0.336888
   0.0273663     0.921347     0.003617   0.00111339   0.00614172    0.0394847  2.06696e-06  0.000928211
    0.962704   0.00950758  0.000690435  0.000903912   0.00180916    0.0237994  2.79171e-06   0.00058243
  0.00249449    0.0104554     0.408871    0.0459198     0.510624    0.0216279  4.46853e-06  2.51755e-06
 0.000594812   0.00496923     0.270721    0.0482817     0.663121    0.0123062  4.42689e-06  2.40604e-06
           0  1.38654e-06  3.08039e-09  1.38897e-09  3.39287e-07    0.0318474     0.867373     0.100778
   0.0215751     0.855412    0.0130351   0.00272937    0.0272327    0.0783012  1.61726e-05   0.00169812
   0.0480493     0.659309     0.032705   0.00678594    0.0671421     0.182187  2.42499e-05   0.00379745
           0  0.000602366    0.0170657            0     0.925242    0.0570571  2.55448e-05  7.45346e-06
   0.0751356     0.337627    0.0945412    0.0184165     0.174644     0.297775  1.52198e-05   0.00184556
           0    0.0102117   0.00604022            0    0.0901595     0.840417    0.0364734     0.016698
 3.21694e-06  1.36622e-05  2.82713e-07  2.01094e-07  6.45352e-07   0.00373591     0.976113    0.0201329
   0.0152683   0.00545388    0.0221755     0.873902    0.0704244    0.0127694  4.27089e-06  2.14592e-06
  0.00540668   0.00134223    0.0066643     0.969416    0.0155415    0.0016244  3.19819e-06  1.46972e-06
  0.00690376   0.00155989   0.00489337     0.959122    0.0244049   0.00311181  3.21584e-06  1.10495e-06
   0.0028933  0.000417428            0     0.976042    0.0188685    0.0017783  7.79384e-07  1.33339e-08
           0            0            0            1            0            0            0            0
  0.00706474   0.00111633    0.0103953     0.884528    0.0919915   0.00490355  9.18548e-07  2.50259e-10
           0  0.000413278  1.67393e-07  4.78895e-07  2.09892e-06     0.160471     0.739869    0.0992436
    0.894434    0.0282435   0.00286897   0.00402927   0.00779227     0.061923  1.93276e-06   0.00070668
  0.00517575   0.00200482            0  1.62636e-05  0.000142933     0.119542      0.19423     0.678888
    0.534723    0.0993267   0.00483775   0.00821416    0.0262942     0.298666   0.00551828    0.0224199
 0.000393014            0   0.00868826    0.0112433      0.95682    0.0228423  1.04868e-05  2.48153e-06
 7.30226e-05  3.30404e-08  1.71183e-06            0  1.90637e-05    0.0159694     0.983824  0.000112571
   0.0138038    0.0810311      0.22448    0.0182106     0.438633     0.223823  1.77882e-05            0
 4.33227e-05  1.44733e-06  1.26978e-06  1.80788e-08  1.35148e-05    0.0582111     0.903373    0.0383565
           0  0.000321943   7.8914e-07  7.19064e-07  9.37072e-06     0.111585     0.778634     0.109448
 9.16444e-06  0.000142272  5.65132e-07  1.69174e-07  6.39709e-06     0.103276     0.829731    0.0668353
   0.0810568    0.0190796   0.00931151     0.032004     0.370832     0.478313   0.00428899   0.00511462
 2.68703e-05  0.000154077  1.51403e-06  4.50099e-07   1.5562e-05    0.0807477     0.817552     0.101502
 9.04483e-06  0.000493637  1.76718e-06  1.82877e-06   1.8462e-05     0.117295     0.688788     0.193392
    0.771892    0.0373177   0.00193607   0.00522806    0.0153643     0.157186   0.00198099   0.00909431
    0.873552    0.0221568    0.0012659   0.00275213    0.0077133    0.0872902  0.000746504   0.00452321
   0.0918316     0.678308    0.0075382   0.00315023    0.0151251     0.193045  0.000237432    0.0107642
 2.92043e-05  7.67584e-07  5.11208e-07  1.11827e-08  5.82359e-06   0.00462203     0.994288   0.00105361
 0.000386067   0.00340918            0  1.47532e-05            0     0.232459     0.506633     0.257098
    0.926683    0.0186529   0.00157944   0.00209826    0.0042278    0.0457001  1.77294e-05   0.00104065
    0.913554    0.0223075   0.00205097   0.00278227   0.00559461    0.0527063  1.36885e-05  0.000991167
 0.000109794   0.00128421     0.997928            0            0  0.000676666  1.77123e-06            0
    0.383572    0.0778721   0.00327203    0.0114021    0.0456141     0.423328    0.0149849    0.0399545
    0.468163    0.0770516   0.00306832    0.0102161    0.0361403     0.364505   0.00979329    0.0310628
 3.31773e-05  5.27392e-06   5.2413e-06  1.21041e-06  2.37577e-05   0.00207776     0.221474      0.77638
  0.00854627    0.0412577  0.000633624  3.94535e-05            0     0.597963     0.182848     0.168711
   0.0182862     0.063033  0.000637957  0.000156956            0     0.581609     0.143688     0.192589
   0.0145052    0.0287648  2.54639e-05  0.000265756  0.000536837     0.381451     0.211243     0.363207
   0.0388642    0.0838704  0.000518347  0.000630585   0.00212528     0.558883     0.108392     0.206716
   0.0194863   0.00181361   0.00725994    0.0826531      0.79843    0.0903565   7.2067e-07            0
   0.0295295    0.0416394     0.464164     0.101106     0.294977    0.0685749   6.8863e-06   1.6777e-06
   0.0538996     0.054726     0.287029     0.176547     0.331864    0.0959282  5.72978e-06  1.27109e-06
   0.0647522     0.759288    0.0170594   0.00500869    0.0344924     0.116847  1.78716e-05   0.00253456
 0.000482153   0.00423314     0.964683   0.00121108    0.0244925   0.00489565   2.3564e-06            0
    0.496796    0.0938345     0.026804    0.0389937    0.0963133     0.244836  0.000228385   0.00219386
    0.550676    0.0984508    0.0201595    0.0269702     0.068819     0.231824  0.000196502   0.00290453
    0.854518    0.0374178   0.00508702   0.00709978    0.0156953    0.0794966            0  0.000685512
   0.0107079     0.974499  0.000893324  0.000285701   0.00141788    0.0119594  3.45799e-06  0.000233175
   0.0529365     0.276294     0.116604    0.0154308     0.208842      0.32828  1.43357e-05   0.00159873
  0.00320353   0.00076797   0.00531758     0.985781   0.00479063  0.000135353  2.77494e-06  1.39328e-06
   0.0133312    0.0887996    0.0020503  5.85769e-05  0.000607128     0.710454    0.0768445     0.107855
  0.00087852   0.00364306      0.96936   0.00385844    0.0191914   0.00306591  2.82218e-06  4.56274e-09
   0.0279447    0.0231924     0.262527     0.281391     0.358545    0.0463941  1.84179e-06  3.77535e-06
           1            0            0            0            0            0            0            0
 5.50287e-05  2.61737e-05   1.5283e-06  4.00949e-07  1.19654e-05            0     0.961383    0.0385221
  3.2379e-05   3.7551e-05  1.41034e-06  5.84122e-07  7.86705e-06            0     0.942294    0.0576258
   0.0194065    0.0152024     0.249526      0.28869     0.396284    0.0308872  7.52166e-07  3.16274e-06
   0.0723552    0.0397248  0.000470925   0.00192661    0.0150604     0.475663     0.147013     0.247786
    0.033984    0.0207705  0.000113885  0.000696456   0.00547382     0.323889     0.200773     0.414299
   0.0528955     0.228397      0.15865    0.0196917     0.240536     0.299218  2.92928e-05   0.00058238
   0.0528502     0.178755     0.230537    0.0280606     0.265536     0.244067  3.34222e-05  0.000160491
 2.28779e-08  9.08541e-06   2.3651e-08  1.98946e-08  2.25967e-08   0.00777644     0.964526    0.0276882
   0.0490432    0.0147111    0.0547149     0.518982     0.303901    0.0586437   3.4581e-06            0
 2.25365e-07   8.4458e-06  8.27653e-08  8.32484e-08   1.3044e-08     0.013852     0.957058    0.0290816
 1.83666e-06  1.36001e-05  2.37809e-07  1.85825e-07  4.18237e-07   0.00968845     0.960832    0.0294628
 5.72928e-06  2.76797e-05  7.28027e-07  4.44388e-07   2.1175e-06   0.00468282     0.939006    0.0562746
  2.1233e-07  4.12591e-06  2.45668e-07  6.61483e-08  2.42744e-07    0.0325933     0.834969     0.132433
   0.0495296      0.22727    0.0121823   0.00150278    0.0323267     0.576576    0.0239678    0.0766449
   0.0452276     0.295617    0.0174336  0.000994428    0.0412255     0.534467    0.0110595    0.0539754
   0.0687044    0.0220671    0.0641663     0.449879     0.311829     0.083348  4.93682e-06  6.03271e-07
 0.000584869   0.00228183  3.79085e-06  1.83738e-05  3.21276e-05     0.107714     0.423491     0.465875
  0.00072359  5.24121e-05  1.00205e-06            0            0    0.0359801     0.145212     0.818031
 8.15249e-05  3.32186e-10  1.95223e-06  2.24433e-11  2.17544e-05     0.014923     0.983941   0.00103099
  0.00105759   0.00320346    0.0102723            0     0.816728     0.168679  4.59892e-05  1.42083e-05
           0   0.00733843   0.00243085            0    0.0466162     0.837885    0.0721299    0.0335998
 0.000123357            0            0            0  3.09493e-06     0.239359     0.661904    0.0986106
  0.00115678    0.0050308     0.962572   0.00404965      0.02262   0.00456716  3.73214e-06            0
    0.905993    0.0201351   0.00106624   0.00147033   0.00343373    0.0640754  0.000452448   0.00337325
 7.61179e-06    4.707e-07  4.29757e-08 -1.62849e-10  2.50773e-07    0.0550953     0.821901     0.122996
  2.0841e-08  6.04367e-07            0            0  2.55475e-07    0.0324498     0.864175     0.103374
  1.9787e-05  1.43526e-05  6.06288e-07  2.20208e-07  3.98969e-06            0     0.986328    0.0136329
   0.0206637     0.892298   0.00322511  0.000599883   0.00613575    0.0730716  8.33464e-06   0.00399782
           0     0.985811            0            0            0    0.0131948  8.68571e-07   0.00099304
 0.000545523   0.00219704  3.98724e-06  1.89869e-05  3.44144e-05    0.0853044     0.355733     0.556162
    0.364411     0.175052   0.00812162   0.00923325    0.0343971     0.376376    0.0060398    0.0263683
    0.291749     0.186931   0.00661661   0.00789835    0.0320912     0.419763    0.0113155    0.0436353
  0.00632035            0            0   0.00835802     0.851298     0.134015  7.36283e-06  1.33789e-06
 8.14292e-05  2.16683e-08  1.96575e-06   6.0005e-12   2.1625e-05    0.0155642     0.979661   0.00466999
    0.239187     0.223421    0.0635144    0.0437118     0.143345     0.285722            0   0.00109813
 0.000216606            0  3.81089e-06  1.97103e-06  1.95669e-05     0.014167     0.228793     0.756798
   0.0358675      0.48767    0.0424285   0.00503094    0.0930291     0.327181            0    0.0087929
 6.87711e-06            0    6.566e-08            0   1.0172e-06    0.0148621      0.98513            0
    0.862043    0.0332894   0.00568618   0.00803828    0.0183618    0.0721663            0  0.000414823
    0.743729    0.0493465    0.0121266    0.0189962    0.0454657     0.129403  3.62729e-05  0.000897494
    0.663467    0.0527773    0.0164171    0.0285055     0.068652      0.16865  0.000159691   0.00137117
   0.0249425  0.000537386            0   0.00698402     0.145695      0.75507    0.0394475    0.0273232
 2.20373e-05  9.74768e-07  3.17578e-07  1.31362e-08  3.87993e-06  0.000540373     0.999301  0.000131011
 2.73067e-05  2.44698e-06  5.02651e-07  3.56706e-08   5.3142e-06  0.000166668     0.999222   0.00057602
 2.34892e-05  7.21948e-06  5.43073e-07  1.09741e-07   4.6704e-06  0.000120889     0.995765    0.0040777
           0            0            0            0            0            0            1            0
           0            0  1.89075e-08            0            0     0.114383     0.816253    0.0693643
   0.0510399    0.0258353    0.0974564     0.477136     0.284324    0.0641974  5.85843e-06  4.94417e-06
   0.0828115    0.0415335     0.108901      0.32282     0.334675     0.109243  8.47789e-06  7.65704e-06
    0.116414    0.0704249     0.128282     0.208516     0.335611     0.140749  3.26766e-06            0
   0.0510274    0.0292645      0.12464     0.423437     0.303749    0.0678718  5.11535e-06  4.46683e-06
   0.0604865    0.0272901    0.0860447     0.462514     0.289774    0.0738766  7.43642e-06  6.57269e-06
  0.00474464  0.000767498   0.00121492     0.978163    0.0138498    0.0012565  2.82695e-06  8.62387e-07
   0.0633596    0.0436293     0.175809     0.284723     0.340211    0.0922605  4.64925e-06  3.72098e-06
   0.0894722    0.0634887     0.157312     0.220262        0.345     0.124462  3.24867e-06  1.22132e-06
    0.114882    0.0901829     0.156338     0.157118     0.329408      0.15207  1.86593e-06            0
  0.00143129    0.0078004  8.59684e-05            0   0.00375012     0.570671     0.293221      0.12304
  0.00417505  0.000562541            0  6.18093e-05   0.00140147     0.299397     0.517754     0.176649
   0.0317261   0.00451403   0.00539152    0.0715955     0.731278     0.155495            0            0
   0.0324046    0.0101425    0.0407308      0.67168     0.210123    0.0349157  3.67558e-06  3.19763e-07
      0.9713   0.00691354   0.00130794   0.00199815   0.00418026    0.0142997            0            0
      0.9291    0.0138474   0.00323374   0.00506345    0.0118553    0.0366293  1.75904e-05   0.00025307
   0.0111953   0.00453973     0.182833     0.290884     0.500027    0.0105188            0  1.63975e-06
  0.00895484   0.00158201     0.127472     0.233603     0.621289   0.00709757  1.91425e-08  1.32112e-06
   0.0722986       0.6779    0.0269766   0.00734392    0.0559703     0.156399  5.08437e-05    0.0030604
    0.901939     0.025046   0.00373726   0.00525821     0.011558    0.0521338  2.83505e-06  0.000324564
   0.0075277    0.0081257     0.325633     0.149388      0.49461    0.0147114  6.28533e-07  3.10535e-06
    0.901082    0.0190894   0.00104667   0.00181728   0.00471552    0.0681304  0.000527587   0.00359113
   0.0330718     0.906917   0.00336174   0.00119155   0.00544543    0.0485477  4.75638e-06    0.0014602
 1.76831e-05            0  1.44578e-07 -1.65677e-11   2.6009e-06  0.000387511      0.99957  2.20068e-05
 8.13322e-05  1.44686e-08  2.04729e-06            0  2.18428e-05    0.0192044     0.964213    0.0164775
 8.23241e-05            0  2.11238e-06  1.29034e-08  2.17035e-05    0.0172543     0.954158    0.0284818
 8.85517e-05  5.70432e-07  2.36395e-06  7.59025e-08  2.30006e-05    0.0117008     0.940424    0.0477604
  0.00151041   0.00608886     0.947891   0.00597885    0.0327317    0.0057955  4.11928e-06   9.5604e-09
   0.0981722    0.0331839    0.0743397     0.331129     0.341894     0.121268  7.12146e-06  6.65262e-06
    0.138444    0.0409316    0.0656468     0.240761     0.343283     0.170903  3.91707e-06  2.70658e-05
   0.0126596   0.00525454            0  0.000180535   0.00176384     0.244206     0.320433     0.415503
 7.54176e-05            0  2.05759e-06            0  2.15438e-05    0.0309028     0.938354    0.0306446
     0.65907    0.0522753   0.00311923   0.00896865    0.0270333     0.232994   0.00328309    0.0132559
 5.06753e-08  6.33007e-07  5.88822e-11            0  2.47269e-07    0.0320775     0.864188     0.103733
    0.142479      0.14123   0.00225504   0.00338503    0.0216483     0.482717    0.0554884     0.150797
    0.107725     0.108042   0.00194715   0.00289094    0.0205347     0.477022    0.0834467     0.198392
    0.197988     0.128561   0.00194319   0.00427295    0.0260839     0.476289    0.0427466     0.122116
           0  3.46429e-05  2.03964e-06  7.18681e-07  5.75023e-06    0.0207704     0.732483     0.246704
           0  4.98637e-05  3.26577e-06  1.06777e-06  1.05258e-05    0.0198459     0.645303     0.334787
 1.37306e-05            0  2.07038e-07            0  2.67245e-06    0.0208929     0.979091            0
 3.02286e-06            0  1.98412e-08  1.03152e-08  4.87859e-07     0.044839     0.949665   0.00549232
    0.427489     0.160734    0.0105823    0.0116761    0.0401386     0.333726   0.00226177    0.0133913
    0.465922     0.145336    0.0140501    0.0153146    0.0482311     0.301894   0.00102707   0.00822508
    0.670782    0.0806056   0.00747951   0.00979228    0.0260488     0.199666  0.000547844   0.00507872
    0.668466    0.0623949   0.00301004   0.00639271    0.0191616      0.22232   0.00344199    0.0148124
    0.788764    0.0437918   0.00204494   0.00360181    0.0100254     0.142097   0.00148002   0.00819583
   0.0175044     0.045775     0.619579    0.0309148     0.218809    0.0674035  1.42322e-05  4.44421e-07
   0.0114527    0.0338573      0.68615    0.0244973      0.19369    0.0503408  1.16644e-05  5.42735e-07
   0.0336947    0.0858301     0.415928    0.0432751     0.295134     0.126115  2.27244e-05            0
  0.00643083    0.0198229     0.808451    0.0174077      0.12126    0.0266195  8.24979e-06  1.69715e-07
  0.00380848    0.0130556     0.864297    0.0128957    0.0892618     0.016675  5.95976e-06  1.82093e-07
           0   0.00532581    0.0537669            0     0.852796    0.0880738  2.72102e-05  1.02465e-05
   0.0123466   0.00275495    0.0278894     0.761953     0.183971    0.0110844    7.486e-07  7.55595e-08
   0.0135302   0.00319522     0.054376     0.626081     0.291108    0.0117083  5.19042e-07  4.77294e-07
   0.0155667   0.00271579    0.0762908     0.440127     0.451391    0.0139077  4.70163e-07  7.82913e-07
 0.000916824  2.00414e-05    0.0576406    0.0526697     0.888748            0  3.56786e-06  1.26364e-06
  0.00180925            0    0.0849646    0.0901788     0.823044            0  2.17608e-06  1.26518e-06
  0.00314858  0.000308993     0.136139     0.145286     0.715115            0  8.02284e-07  1.52048e-06
           0  5.21543e-07  6.39438e-08  5.70591e-09  8.68328e-08    0.0361745      0.84245     0.121375
  0.00523376     0.987219  0.000476335  0.000143448  0.000801584   0.00599622  1.58149e-06  0.000128356
 0.000205804   0.00139175  9.46631e-07  9.10539e-06            0    0.0530403     0.131156     0.814196
  0.00141926   0.00148174            0  1.29003e-05            0    0.0296496            0     0.967437
    0.988327            0            0            0            0    0.0105937  0.000104271  0.000975108
  0.00292817   0.00948852            0  7.36295e-05            0     0.224837     0.319963      0.44271
   0.0440807     0.136241     0.290814    0.0312015     0.298103     0.199502  3.52081e-05  2.22157e-05
   0.0286196    0.0958153     0.360083    0.0295005     0.329161     0.156783  2.89242e-05  8.60303e-06
  0.00551674    0.0151067     0.880601    0.0128971    0.0669842     0.018888  6.79154e-06            0
   0.0111801    0.0287989     0.777771    0.0217575     0.121112    0.0393702  1.05464e-05            0
  0.00802091    0.0920611    0.0652209   0.00322105     0.288866     0.542484            0  0.000126347
           0  1.26306e-05  6.97899e-08  6.30977e-07            0     0.126193     0.834157    0.0396368
           0   0.00917394    0.0434003            0      0.79237     0.155005  3.51898e-05  1.50504e-05
  0.00329529  0.000737633  2.79563e-08  1.84624e-05  0.000278039     0.160381     0.483737     0.351553
  0.00450854  0.000939958            0  3.28765e-05  0.000574492     0.206558     0.484997      0.30239
     0.88712    0.0305737    0.0033492   0.00467749   0.00942131    0.0642345            0  0.000623567
    0.120195    0.0306859    0.0551837     0.246628     0.379832      0.16747            0  5.14807e-06
   0.0809493    0.0213899    0.0567923     0.302791     0.422367      0.11571  1.12435e-06            0
   0.0644111    0.0154362    0.0496891     0.251789     0.500747     0.117928            0            0
           0  9.95597e-06  5.26774e-06  2.62914e-06  2.84817e-05   0.00300116     0.252149     0.744803
  0.00023278  4.43685e-05  5.51211e-06  2.09021e-06  2.70477e-05    0.0106888     0.318246     0.670753
           0  9.06776e-06  1.02747e-08   4.9591e-09            0   0.00668988      0.96489    0.0284107
 1.48608e-05            0  3.22124e-06  1.95299e-06  1.63524e-05   0.00915137     0.145129     0.845683
 6.87007e-05  3.32287e-06  4.14972e-06  7.35019e-07  1.53385e-05   0.00612691     0.167643     0.826138
   0.0138364     0.963108  0.000903476  0.000435697   0.00118736    0.0197967  1.59044e-06   0.00073119
   0.0415083     0.864988   0.00749197   0.00214033    0.0137934    0.0684142            0   0.00166358
  0.00349063    0.0183661  8.27955e-05  3.85142e-05            0     0.445466     0.307977     0.224579
    0.913945    0.0218527    0.0018185   0.00229087   0.00458807    0.0541811            0   0.00132395
    0.872274    0.0316434   0.00247938   0.00321849   0.00668961    0.0812081  0.000109741   0.00237749
           0  6.61306e-06   6.2812e-07  1.31938e-07  7.48667e-07    0.0326591     0.787129     0.180204
 4.31731e-06            0  9.88165e-07            0  4.88439e-07    0.0386923     0.687249     0.274053
 9.42433e-05  6.02414e-06  2.01603e-06            0  3.30725e-06    0.0415429       0.5397     0.418651
           0  3.15036e-06  2.78723e-07  5.67068e-08  1.46993e-07    0.0361316     0.817774      0.14609
           0  1.04316e-06  1.55822e-07  1.97758e-08   3.5262e-08     0.039568     0.822675     0.137756
 1.07188e-05            0  2.08587e-07  9.07353e-09            0    0.0560055     0.781104      0.16288
 3.10972e-05   2.5169e-06  5.51571e-07   5.4798e-09            0    0.0568941     0.725636     0.217436
           0  8.85526e-06  5.38866e-07  1.68281e-07  9.34448e-07    0.0289922      0.81992     0.151077
 3.16774e-07  1.27504e-05  4.24938e-07  2.11855e-07  1.05347e-06      0.02211     0.872887     0.104988
 6.35682e-07  6.13358e-06   2.2792e-07    8.511e-08  4.51986e-07    0.0273044     0.860382     0.112306
  8.5838e-07  4.47849e-06  1.06021e-07  4.06981e-08  5.07758e-07    0.0298723     0.870239    0.0998832
  4.6673e-07  5.01658e-06  6.35649e-08  3.07082e-08  6.25782e-07    0.0338376     0.884376    0.0817807
 8.35578e-06  4.44764e-05  1.62809e-06  7.99162e-07  5.46036e-06   0.00671061     0.860183     0.133046
 7.23717e-05  3.97129e-05  3.48267e-06  9.14098e-07  1.09445e-05    0.0242725     0.563627     0.411973
   0.0406435      0.85994   0.00899558    0.0025576    0.0173442    0.0690414  2.36255e-07   0.00147786
           0  3.16961e-06  1.36515e-08    8.555e-09  3.95225e-07    0.0351078     0.896287    0.0686019
 5.77404e-08  5.11952e-06  4.61797e-08  3.25484e-08  3.25317e-07    0.0280179     0.904272    0.0677044
 4.07705e-08  7.61235e-06  5.17492e-08  3.64109e-08  1.50868e-07    0.0165576     0.935501    0.0479336
 0.000494778  0.000322105            0            0  0.000526794     0.338234     0.543218     0.117205
  2.5081e-05   9.2661e-06  4.76504e-06  4.05813e-07  2.89491e-05   0.00143944     0.184765     0.813727
 4.56796e-05   1.0691e-05  4.93265e-06  9.62854e-08  3.65076e-05            0     0.176143      0.82376
  0.00104663   0.00360921            0  3.16509e-05            0     0.109615      0.18365     0.702048
   0.0243444    0.0315009     0.492353     0.107089     0.290348    0.0543581  4.35304e-06  2.22304e-06
   0.0175102     0.022199     0.526786     0.112291     0.281959    0.0392495  2.79363e-06  2.45409e-06
  0.00693878    0.0101896     0.741913    0.0551457     0.168279    0.0175314  1.42094e-06  1.44916e-06
 1.76052e-05  2.69883e-07  2.23142e-07  2.62213e-09  3.02659e-06   0.00764247     0.992336            0
  0.00092398  7.59352e-05  2.53024e-06  3.48123e-07  6.17425e-06    0.0424406     0.320159     0.636391
  0.00150667  0.000233737  1.21992e-06  1.10278e-08  2.17497e-06    0.0576897     0.286893     0.653674
 0.000247546   0.00142013     0.990921   0.00123584   0.00537501  0.000798531   1.6947e-06   7.5689e-10
   0.0139295     0.966494   0.00104233  0.000377736   0.00143791      0.01635  3.97411e-06  0.000364299
  0.00389925    0.0130533     0.882457    0.0112442    0.0734617    0.0158785  6.48968e-06  4.12749e-08
  0.00355634     0.011252     0.907495   0.00964493    0.0549552    0.0130905  5.86069e-06  7.12088e-09
   0.0332598     0.811154   0.00607417  0.000840921    0.0118248     0.129409  7.04931e-05   0.00736679
   0.0166578     0.935882   0.00105382  0.000502193   0.00173593    0.0417367  1.47181e-06   0.00243059
    0.748405    0.0633352   0.00550157   0.00731964    0.0177344     0.153079   0.00039963   0.00422589
  0.00576523     0.241888      0.02759  0.000329908    0.0704562     0.623959   0.00220471    0.0278072
 4.10905e-07  2.29633e-07            0 -2.31915e-10            0    0.0369195     0.950144    0.0129363
 1.86665e-06  4.01585e-06  5.76005e-08  4.81085e-08  7.48162e-08    0.0114737     0.984341   0.00417903
           0            0            0            0            0    0.0404446     0.859361     0.100195
 1.15615e-05  2.97026e-07  1.13852e-07  3.14404e-09  1.71484e-06   0.00679785     0.993106  8.23223e-05
    0.337922     0.103682     0.047736    0.0724512     0.168671      0.26947            0  6.89794e-05
  0.00502373   0.00840659            0  0.000102655  0.000170317     0.166881     0.167109     0.652307
  8.4014e-06  0.000461167  5.79443e-06  1.97702e-06  4.17522e-05    0.0234384     0.279156     0.696886
 0.000434339  0.000500629   0.00814131     0.985807   0.00510329  1.15893e-05  1.00392e-06  7.86972e-07
  0.00189086   0.00530814  3.66851e-05  3.50884e-05   0.00484107     0.536834     0.326423     0.124631
  0.00200621   0.00255406            0  4.40024e-05     0.003735     0.461309     0.401588     0.128764
  0.00222365  0.000877902            0  3.99862e-05   0.00208309     0.394262     0.471015     0.129499
  0.00124598   0.00729154  0.000244481   3.5757e-05    0.0115171     0.673796     0.210661    0.0952085
  0.00254705   0.00406845  2.12789e-05  7.55167e-05    0.0068708     0.543678      0.31914     0.123599
 2.17941e-05  2.07203e-07  5.28859e-08 -2.89979e-10   2.4914e-07    0.0593662     0.810142     0.130469
           0  3.59339e-07  3.00657e-08            0  2.27662e-07    0.0454967     0.836702     0.117801
 4.79174e-05  1.59405e-07  6.77248e-08  1.94471e-10  1.79702e-07    0.0711379     0.791635     0.137179
 0.000191487            0  7.31702e-08  2.72855e-10            0    0.0982603      0.74441     0.157138
 8.27014e-05            0   2.3515e-06  8.48249e-09  2.35163e-05    0.0304732     0.917759    0.0516588
 7.43325e-05   1.2354e-06  2.23192e-06            0  2.23116e-05    0.0402644     0.902574    0.0570619
   0.0607706      0.32763     0.103924    0.0160107     0.184101     0.305554  1.04288e-05   0.00199895
    0.701396    0.0428069   0.00578464    0.0141207    0.0378069     0.190487   0.00127837   0.00631914
 1.13541e-05  4.19069e-05  1.32262e-06  7.07003e-07  4.53342e-06            0     0.916814    0.0831257
  0.00308382   0.00921823     0.934158   0.00657825    0.0362178    0.0107392  4.82787e-06            0
  0.00166024            0    0.0263071     0.045647     0.921764   0.00461668  4.15295e-06  1.12443e-06
           0            0  1.05063e-06            0            0   0.00196131    0.0567675      0.94127
 1.39616e-05  7.90626e-07  1.68568e-07  9.08614e-09  2.18114e-06   0.00280347     0.997179            0
  1.6257e-05            0  1.03906e-07  4.55257e-11  2.22708e-06  0.000112055     0.999859  1.07649e-05
 0.000505351   0.00223001     0.982184   0.00236999    0.0110545   0.00165449  2.03818e-06  1.55243e-09
 1.54472e-05            0  1.18884e-07            0   2.2181e-06   0.00254427     0.997328  0.000109844
     0.43529    0.0681954    0.0240205    0.0533144     0.132137     0.283412  0.000686339   0.00294461
   0.0250592     0.912211   0.00588123   0.00165379    0.0114599     0.042875            0    0.0008596
   0.0372048     0.838812     0.013093   0.00340387    0.0267066    0.0792962  9.59232e-06   0.00147447
   0.0209484     0.895425   0.00900741   0.00207954    0.0183693    0.0532269            0  0.000943442
 0.000298897   0.00104061   0.00739959            0     0.889774     0.101445  3.28061e-05  9.30248e-06
 8.11387e-05  2.38351e-08  1.93872e-06  8.96138e-12  2.14614e-05     0.014642     0.982905   0.00234884
 1.85257e-06  2.37643e-05  8.17045e-07   4.1934e-07  2.28091e-06    0.0156896      0.87042     0.113861
   0.0211473     0.945708    0.0018481  0.000661487   0.00272283    0.0272333  4.02624e-06  0.000675103
   0.0596158     0.797461    0.0110738   0.00328983    0.0211294     0.104458            0   0.00297129
  0.00027587    0.0111408  0.000849073            0     0.015489     0.755555     0.144509    0.0721819
           0    0.0199627   0.00218355            0    0.0165494     0.801413     0.103096    0.0567952
   0.0301534     0.909787   0.00448044   0.00133003     0.007849    0.0453403  1.36039e-06   0.00105864
   0.0217015     0.932754   0.00368118   0.00103922   0.00672406    0.0333619  7.86463e-07  0.000737591
   0.0626473     0.503733    0.0208445   0.00231557    0.0453079     0.344269   0.00073527    0.0201481
 3.70152e-08  1.00531e-05   5.0355e-08  3.86289e-08  5.93258e-08   0.00695071     0.961401    0.0316385
 9.78428e-08  1.09308e-05  1.07999e-07  7.83986e-08  1.90584e-07   0.00897836      0.95036    0.0406507
    0.160236     0.078531     0.107019     0.162994     0.323334     0.167872  9.78536e-06  4.79983e-06
   0.0154578   0.00936112  3.03957e-05   0.00025375   0.00194843     0.197723     0.180192     0.595034
  0.00532961  0.000857555   0.00254475      0.94535    0.0424058   0.00351159  1.12639e-06            0
 1.44874e-05  1.04485e-07  1.07673e-07            0  1.99379e-06  0.000708322     0.999264    1.099e-05
  0.00226535  0.000407744  0.000401048     0.983113    0.0124562   0.00135498  1.37183e-06  2.75342e-07
 3.57953e-05  3.53621e-06  7.36273e-07  5.45114e-08  7.44913e-06  0.000327925     0.997505   0.00211994
  8.0482e-05            0  2.01991e-06            0  2.19718e-05     0.020167     0.968897     0.010831
 1.10541e-06            0            0  6.96761e-09  1.50238e-07    0.0507993     0.938426    0.0107733
           0  5.67558e-06  4.11364e-06  2.46154e-06  2.27576e-05   0.00625379     0.193948     0.799763
 0.000215397  3.64386e-05  3.90236e-06  9.72291e-07  1.25679e-05    0.0229913     0.476762     0.499978
 0.000301941  3.74595e-05  4.49709e-06  1.43392e-06  1.83754e-05    0.0174803      0.37736     0.604796
 0.000516418   0.00288319  9.53085e-07   2.2741e-05  8.28071e-06      0.10095     0.239812     0.655806
    0.955677    0.0121169   0.00112527   0.00161647    0.0029312    0.0262785  1.57327e-05  0.000239125
    0.064201    0.0631713  0.000796246   0.00155263    0.0106482     0.408341     0.128552     0.322737
   0.0295151    0.0294475  0.000142871  0.000614054   0.00374594     0.301981     0.166942     0.467611
           0  9.12361e-06   2.2454e-09            0            0   0.00556588     0.968776    0.0256485
 2.18109e-05   9.1988e-05  1.03787e-06   1.7173e-07   1.1231e-05     0.080984     0.851714    0.0671757
           0  4.14812e-06            0            0            0     0.209943     0.566246     0.223807
   0.0161758   0.00769376    0.0575151     0.773623     0.129557    0.0154285  3.37833e-06  2.85287e-06
           0            0            0            0            1            0            0            0
   0.0173629    0.0359075     0.261977    0.0479063     0.531834     0.105008            0  4.52637e-06
    0.357874    0.0970431   0.00785108    0.0135239    0.0551672     0.450812   0.00360205    0.0141265
    0.043141    0.0199638    0.0849693     0.244733     0.534396    0.0727965            0            0
    0.015082    0.0123508            0  2.06345e-05            0      0.63155      0.18928     0.151717
    0.537561    0.0878695   0.00753052    0.0123084    0.0380121     0.304753   0.00178405    0.0101809
  0.00265558   0.00484169            0            0            0     0.410136     0.397546     0.184821
   0.0794552    0.0591086     0.128784     0.135557     0.440848     0.156247            0            0
 0.000170328  0.000164585  7.76109e-06   2.0811e-06  5.45554e-05    0.0055331     0.557732     0.436335
     0.24693     0.195269    0.0126945    0.0127224    0.0573116     0.465271  0.000824926   0.00897684
           0            0    0.0158991    0.0138808     0.970215            0  3.76861e-06  9.74873e-07
   0.0025647    0.0094386     0.911186    0.0094617    0.0569597    0.0103839  5.35647e-06  5.91693e-08
   0.0100992   0.00427132    0.0268453     0.901123    0.0504058   0.00724894  3.86995e-06  2.81705e-06
 0.000334803            0  1.89563e-08            0            0     0.129208     0.719897      0.15056
   0.0795186    0.0160042    0.0206109    0.0985272     0.530685     0.254309  0.000110833  0.000234172
  0.00161245  0.000666576   0.00688136     0.990441    0.0003956            0  2.16002e-06  1.31619e-06
 7.20186e-06  9.62323e-07  7.19122e-08  1.15908e-08  9.40812e-07   0.00867287     0.991318            0
    0.067801     0.218159    0.0771485    0.0170795     0.224251     0.395562            0            0
   0.0198163    0.0785431     0.321558    0.0255125     0.396619     0.157927  2.41263e-05            0